[1] "  exp(coxResult$coefficients[1]/maf1 * 2) -1"
   [1] 0.26494732 0.25265381 0.14789387 0.14637898 0.24264373 0.23903144
   [7] 0.38757499 0.17487174 0.25259525 0.12380429 0.18677791 0.18233048
  [13] 0.21985794 0.29116324 0.09848792 0.16185728 0.23741885 0.19912823
  [19] 0.18653644 0.15677261 0.23193247 0.18028236 0.08632643 0.13014874
  [25] 0.26260425 0.24421487 0.11073587 0.20109445 0.22279251 0.24602587
  [31] 0.12099682 0.17897910 0.28606298 0.19545155 0.18607811 0.16101064
  [37] 0.18545397 0.12793808 0.22174662 0.23299512 0.11713311 0.10519290
  [43] 0.20286052 0.23483669 0.12716638 0.05916255 0.43267239 0.14276146
  [49] 0.26867694 0.31495309 0.21813601 0.25310299 0.14451762 0.20249639
  [55] 0.14301759 0.20849259 0.16015195 0.20860288 0.23437685 0.21270792
  [61] 0.19003591 0.12151439 0.17471175 0.14324214 0.28558923 0.04226041
  [67] 0.30485447 0.23365534 0.23265943 0.09972284 0.13201159 0.07881024
  [73] 0.21295949 0.11292261 0.14320746 0.30049045 0.11466796 0.16373631
  [79] 0.15926285 0.14262381 0.25610642 0.20526496 0.21778577 0.15184694
  [85] 0.11542311 0.16331005 0.15016803 0.15776061 0.13892993 0.15127780
  [91] 0.20386287 0.19812748 0.18634380 0.26368888 0.20298037 0.12680084
  [97] 0.13184031 0.19754620 0.12139096 0.15967130 0.24339169 0.17357134
 [103] 0.13206380 0.14744893 0.15815617 0.17904750 0.19735667 0.13682739
 [109] 0.24058071 0.19295571 0.18365983 0.09648806 0.26060550 0.22850120
 [115] 0.26834957 0.22981224 0.12247284 0.17342625 0.17252520 0.13601267
 [121] 0.30176779 0.21493195 0.23442139 0.15685368 0.15784411 0.31555263
 [127] 0.25834356 0.20510948 0.21175699 0.16555689 0.23460573 0.24305152
 [133] 0.27192859 0.26874843 0.13075692 0.22084070 0.32244293 0.27813661
 [139] 0.08927812 0.13755438 0.23785210 0.11213331 0.20267666 0.21498234
 [145] 0.15398486 0.21001243 0.13088426 0.26994772 0.09857321 0.25511706
 [151] 0.14679342 0.24677910 0.16995141 0.14621828 0.11305015 0.22726476
 [157] 0.24679731 0.29742146 0.18737641 0.29781809 0.20964651 0.09637494
 [163] 0.27092905 0.27541024 0.12684791 0.23593106 0.14001705 0.10352691
 [169] 0.23378865 0.10789119 0.11557303 0.12740397 0.27859601 0.20810349
 [175] 0.27811341 0.21558099 0.22796838 0.13725494 0.23603359 0.08009801
 [181] 0.11992985 0.21453540 0.20917327 0.10747518 0.20817970 0.12399591
 [187] 0.16279130 0.08428757 0.25434940 0.28596769 0.18545979 0.15871494
 [193] 0.11665976 0.17463036 0.14591396 0.16833749 0.21365302 0.14231383
 [199] 0.16543563 0.15328311 0.22133959 0.23211288 0.15115160 0.28209713
 [205] 0.24257610 0.17107312 0.25542043 0.23516725 0.12025153 0.26259403
 [211] 0.07379594 0.21199434 0.19449361 0.23604826 0.10759275 0.23169336
 [217] 0.14663021 0.31852845 0.24264288 0.07427830 0.18577645 0.13674881
 [223] 0.07779607 0.20526084 0.17743562 0.22138626 0.16580268 0.31591721
 [229] 0.26835194 0.25146647 0.21063757 0.19114739 0.24786513 0.19426072
 [235] 0.07594881 0.25364358 0.27025846 0.14517158 0.07715507 0.29895610
 [241] 0.27398724 0.21912657 0.31073799 0.22456254 0.10654340 0.18557465
 [247] 0.15115088 0.17192325 0.15819576 0.28586457 0.21328262 0.23901094
 [253] 0.49286530 0.21206933 0.16197111 0.15137839 0.34009913 0.30521366
 [259] 0.15074290 0.18499555 0.27256130 0.31925496 0.08044568 0.08682366
 [265] 0.06234681 0.21836541 0.13970190 0.21718367 0.15070344 0.18299001
 [271] 0.17622084 0.20123424 0.23890217 0.15219830 0.22051591 0.11766455
 [277] 0.20420947 0.23184715 0.13750804 0.13888892 0.10323109 0.26523526
 [283] 0.17691709 0.16233083 0.27121467 0.29368347 0.09078955 0.16438382
 [289] 0.18207614 0.29854484 0.11295603 0.22551444 0.08985381 0.31147355
 [295] 0.17377394 0.18636965 0.22256782 0.25191856 0.23301500 0.24803425
 [301] 0.16095880 0.24204638 0.09721761 0.08958184 0.13313666 0.22079893
 [307] 0.16855703 0.11554513 0.32675186 0.19570385 0.22558926 0.09289067
 [313] 0.28408347 0.19933015 0.19317110 0.17080108 0.23921277 0.22288513
 [319] 0.18540297 0.15096946 0.14688000 0.25140237 0.23912109 0.26310266
 [325] 0.24799934 0.30529995 0.17720440 0.29153464 0.02083069 0.24653046
 [331] 0.18946178 0.08566445 0.09949480 0.32627079 0.07506431 0.17731054
 [337] 0.23189044 0.05055791 0.10650044 0.17909421 0.31164691 0.14759105
 [343] 0.15056039 0.12215239 0.19057467 0.19431970 0.05817350 0.26166771
 [349] 0.17074514 0.20480665 0.12358203 0.23774037 0.28729905 0.24230501
 [355] 0.16761486 0.07349033 0.20663495 0.20428651 0.23359995 0.19449528
 [361] 0.17783727 0.19064875 0.24068598 0.30326580 0.19197671 0.14055916
 [367] 0.33683947 0.32257886 0.14146641 0.34863510 0.24583516 0.22150527
 [373] 0.24908611 0.06102176 0.30241182 0.10229051 0.25180583 0.17561061
 [379] 0.09104893 0.20828934 0.20262564 0.23979179 0.27146949 0.19258341
 [385] 0.14101175 0.16788800 0.28251583 0.19700489 0.08171855 0.33401607
 [391] 0.13777363 0.27880252 0.17272142 0.13375052 0.12338595 0.20306046
 [397] 0.12695527 0.07807510 0.14997266 0.15638084 0.29262588 0.13802574
 [403] 0.12190116 0.25147312 0.30981386 0.18443066 0.31672561 0.22234722
 [409] 0.13665550 0.21561781 0.18427189 0.26518871 0.11811597 0.09399644
 [415] 0.09030350 0.25968052 0.20763321 0.23387699 0.23853050 0.25104036
 [421] 0.28407184 0.13871290 0.22374039 0.04563397 0.05507751 0.31910262
 [427] 0.17423403 0.08845698 0.17341802 0.07962447 0.27522977 0.20503256
 [433] 0.14002506 0.07817977 0.16354146 0.18395143 0.20082212 0.17984351
 [439] 0.14686737 0.15570441 0.15437269 0.13310670 0.12349828 0.23800121
 [445] 0.15297269 0.23983932 0.17128876 0.16613140 0.20492901 0.19505227
 [451] 0.30377680 0.24281749 0.17266489 0.18743313 0.13795851 0.10960667
 [457] 0.17269982 0.25524164 0.11734464 0.32393928 0.16599372 0.22961521
 [463] 0.18439199 0.15251718 0.10587800 0.07726258 0.13579506 0.25767286
 [469] 0.11036745 0.21863167 0.07967727 0.24258033 0.21998400 0.16209937
 [475] 0.05446867 0.23470558 0.17503046 0.16501393 0.22018961 0.23141282
 [481] 0.23632277 0.23515158 0.27844362 0.21810126 0.24574720 0.10189642
 [487] 0.27309977 0.23932765 0.14203871 0.13455019 0.16627487 0.13157905
 [493] 0.06152781 0.30241015 0.18750456 0.30056996 0.10674884 0.25879543
 [499] 0.14086855 0.15325458 0.20051232 0.22795016 0.24652313 0.16241682
 [505] 0.18581404 0.19871591 0.07179192 0.15117915 0.09810808 0.11284428
 [511] 0.08022887 0.20980426 0.25309929 0.12724629 0.05914415 0.18280694
 [517] 0.08708428 0.18929455 0.17238546 0.22598446 0.15079945 0.07439630
 [523] 0.07294537 0.31932460 0.28289079 0.14948888 0.09951016 0.29648790
 [529] 0.37858173 0.18948434 0.21805320 0.27406774 0.26250155 0.23262097
 [535] 0.17514719 0.23456332 0.21425705 0.32728720 0.21871835 0.15340980
 [541] 0.19229692 0.24289417 0.16071847 0.18191240 0.13189307 0.10759914
 [547] 0.21319433 0.16597007 0.18166262 0.18662655 0.21594475 0.17337336
 [553] 0.27817855 0.21198428 0.25323413 0.24673258 0.23973276 0.23288502
 [559] 0.25554322 0.21492191 0.19426438 0.12664479 0.14029858 0.07722772
 [565] 0.05376099 0.35511923 0.20520366 0.25023956 0.25493285 0.18310505
 [571] 0.07895487 0.26664245 0.17485806 0.25965209 0.17352288 0.19494877
 [577] 0.18289886 0.19929823 0.13786942 0.18758965 0.25162286 0.25172587
 [583] 0.12017521 0.26842306 0.32482568 0.19528304 0.16965959 0.28150148
 [589] 0.18533879 0.22559830 0.16079861 0.20479032 0.17957227 0.21906699
 [595] 0.10589815 0.21333701 0.13428731 0.09016278 0.09535662 0.24595326
 [601] 0.11361179 0.17211445 0.17712251 0.09425652 0.23678996 0.24296544
 [607] 0.16199226 0.14397507 0.12738437 0.15080318 0.16473170 0.28522845
 [613] 0.24995777 0.13230480 0.14828486 0.25438606 0.27504318 0.10162642
 [619] 0.13293553 0.26487133 0.29376170 0.06790177 0.28545210 0.22141959
 [625] 0.22878073 0.12699926 0.17334685 0.31065045 0.11356451 0.21175596
 [631] 0.12171346 0.21864331 0.18657344 0.34128422 0.31028262 0.34382109
 [637] 0.25957169 0.29141983 0.16410542 0.18510058 0.23885053 0.22154927
 [643] 0.20313701 0.27037959 0.13810681 0.16975880 0.17244743 0.20800222
 [649] 0.28474597 0.13552137 0.18012270 0.23879906 0.25194353 0.28353883
 [655] 0.13825857 0.25126398 0.28382278 0.30102438 0.16811208 0.27633154
 [661] 0.32738166 0.21522227 0.25345069 0.10426985 0.10048716 0.26153173
 [667] 0.22460618 0.19072664 0.25168352 0.32489058 0.18431414 0.11878910
 [673] 0.13794931 0.09695010 0.23198581 0.10334002 0.26138681 0.11756812
 [679] 0.10853356 0.14747633 0.26350953 0.21112695 0.21069967 0.29016127
 [685] 0.29410542 0.17778330 0.19639677 0.31489814 0.21541246 0.21194159
 [691] 0.20727803 0.21466435 0.09893640 0.19045355 0.32902465 0.26109328
 [697] 0.17268149 0.17105423 0.16130466 0.16001069 0.30007516 0.20471822
 [703] 0.32622851 0.21981677 0.18585390 0.21372902 0.03960551 0.19040029
 [709] 0.24577052 0.09729247 0.23414469 0.27001676 0.10405648 0.40019741
 [715] 0.26696218 0.21455798 0.12743850 0.36143202 0.13303004 0.16869051
 [721] 0.17024805 0.05777387 0.28529584 0.35813794 0.31414032 0.26851262
 [727] 0.18744441 0.14892155 0.23909234 0.21475004 0.18133967 0.13958845
 [733] 0.17955251 0.11647773 0.26599180 0.21412964 0.09425016 0.12165508
 [739] 0.17742814 0.17458217 0.26582356 0.26215042 0.15653300 0.25513942
 [745] 0.21115937 0.08478647 0.16298641 0.13926493 0.23283787 0.20701191
 [751] 0.11172892 0.25180373 0.20618300 0.17856484 0.10442829 0.17609424
 [757] 0.11976199 0.21420782 0.18083972 0.19322820 0.16268876 0.26877063
 [763] 0.12047988 0.06712465 0.21591138 0.29613668 0.24124534 0.20189975
 [769] 0.15234166 0.14961718 0.11711187 0.22068122 0.19436555 0.22005232
 [775] 0.13794505 0.25412796 0.19902541 0.18701985 0.17593699 0.33510698
 [781] 0.21014010 0.16368877 0.12198468 0.19187545 0.20442839 0.21464218
 [787] 0.15446201 0.16516872 0.11203127 0.14970615 0.30024187 0.15945660
 [793] 0.32516904 0.26256529 0.27377895 0.19743882 0.19792073 0.21753637
 [799] 0.17578354 0.19985944 0.16510249 0.26195431 0.18395427 0.13829674
 [805] 0.27549006 0.17203384 0.13104084 0.15525463 0.12735826 0.07942574
 [811] 0.02374816 0.14379395 0.14713464 0.34156946 0.11590958 0.24317287
 [817] 0.16440863 0.11351038 0.22690142 0.20032521 0.21311374 0.24948690
 [823] 0.22763546 0.26521063 0.37984002 0.19599680 0.19757076 0.20645895
 [829] 0.19652825 0.21855398 0.14999784 0.23874707 0.14669558 0.21128122
 [835] 0.08316241 0.13821411 0.23240446 0.17219060 0.28332532 0.19166143
 [841] 0.20768438 0.32555949 0.24170572 0.15422526 0.15272390 0.17784438
 [847] 0.17244861 0.22144253 0.15254440 0.07054670 0.20066011 0.22966742
 [853] 0.25756345 0.25955410 0.14511065 0.19316380 0.14094868 0.24768334
 [859] 0.17246248 0.17957947 0.12065752 0.26883986 0.23998096 0.21552223
 [865] 0.20295480 0.27061705 0.08366930 0.10664511 0.23764551 0.28116965
 [871] 0.21604617 0.13212197 0.12178864 0.16558119 0.21149091 0.07444717
 [877] 0.10298191 0.33881842 0.16749839 0.16520344 0.25148936 0.12215703
 [883] 0.16632929 0.20218363 0.31350033 0.19609048 0.14880052 0.19120837
 [889] 0.13006041 0.20882127 0.16485903 0.22511354 0.18722310 0.12160384
 [895] 0.13327757 0.18653876 0.10464376 0.19783051 0.17836162 0.15404854
 [901] 0.16730333 0.16976154 0.07323047 0.26954661 0.17724138 0.13515406
 [907] 0.19681202 0.32306033 0.29695187 0.18403137 0.13110083 0.15948696
 [913] 0.13063298 0.18033783 0.19493728 0.26939341 0.32208001 0.19622956
 [919] 0.14743392 0.14737141 0.13098528 0.17376836 0.19616479 0.23502947
 [925] 0.18281953 0.33580986 0.17652186 0.20802812 0.13299496 0.17105122
 [931] 0.18810373 0.24844585 0.28504077 0.16525747 0.27421184 0.26754637
 [937] 0.27956800 0.19340221 0.19692210 0.21903356 0.22267779 0.24603590
 [943] 0.25373914 0.21531164 0.18649111 0.26004588 0.10250046 0.14795384
 [949] 0.12952202 0.13217004 0.17320432 0.08846255 0.23170601 0.30269313
 [955] 0.32124609 0.16068506 0.21178202 0.16761545 0.19185475 0.23355967
 [961] 0.18986239 0.24435987 0.15047642 0.27222313 0.01004438 0.25311028
 [967] 0.19616904 0.17953875 0.23174882 0.07712745 0.06671553 0.23781707
 [973] 0.30745086 0.17392243 0.26206050 0.21607326 0.15048299 0.16634248
 [979] 0.21390068 0.20915000 0.15265007 0.15507716 0.32344792 0.14948171
 [985] 0.11845365 0.14056661 0.26021209 0.14568359 0.20428763 0.19092528
 [991] 0.10011309 0.13387607 0.16455862 0.15462384 0.16905010 0.33515703
 [997] 0.09541947 0.24090495 0.24598775 0.22200762
[1] " (exp(coxResult$coefficients[1])-1)/maf1 * 2"
   [1] 0.236637834 0.226743207 0.138481544 0.137150271 0.218614453 0.215665816
   [7] 0.330704750 0.161912105 0.226686747 0.117114293 0.172092589 0.168303624
  [13] 0.199883082 0.257446085 0.094194641 0.150676148 0.214353032 0.182560820
  [19] 0.171892241 0.146253197 0.209850619 0.166550985 0.083000954 0.122783193
  [25] 0.234766112 0.219887265 0.105344003 0.184211861 0.202301124 0.221371990
  [31] 0.114596770 0.165435829 0.253424085 0.179445723 0.171504150 0.149938483
  [37] 0.170971471 0.120812503 0.201443345 0.210720674 0.111120838 0.100311294
  [43] 0.185697370 0.212233439 0.120124319 0.057574174 0.363321996 0.133964541
  [49] 0.239636237 0.275984610 0.198447793 0.227102970 0.135511495 0.185389606
  [55] 0.134185183 0.190414731 0.149190131 0.190506633 0.211853304 0.193940447
  [61] 0.174865089 0.115060697 0.161777210 0.134388559 0.253040979 0.041441262
  [67] 0.268133596 0.211259365 0.210443099 0.095319837 0.124443533 0.076025593
  [73] 0.194144079 0.107321362 0.134361254 0.264744292 0.108898501 0.152306996
  [79] 0.148417779 0.133844136 0.229532733 0.187709739 0.198162489 0.141948044
  [85] 0.109579727 0.151937897 0.140480636 0.147107945 0.130581501 0.141449785
  [91] 0.186535797 0.181711728 0.171726526 0.235630584 0.185790666 0.119793479
  [97] 0.124289033 0.181217480 0.114948063 0.148773566 0.219227194 0.160792186
 [103] 0.124491040 0.138087423 0.147455605 0.165498644 0.181059215 0.128718834
 [109] 0.216932954 0.177338507 0.169440062 0.092359139 0.233147708 0.207027774
 [115] 0.239352054 0.208100786 0.115923323 0.160673193 0.159895642 0.127996991
 [121] 0.265758178 0.195789636 0.211891171 0.146319380 0.147182088 0.276443354
 [127] 0.231331053 0.187582970 0.193143984 0.153880107 0.212041875 0.218934337
 [133] 0.242214066 0.239685586 0.123328992 0.200698606 0.281761571 0.247151268
 [139] 0.085728546 0.129361265 0.214709882 0.106609903 0.185536511 0.195829118
 [145] 0.143816762 0.191691191 0.123440628 0.240626967 0.094270917 0.228737512
 [151] 0.137515438 0.221980367 0.157674561 0.137007306 0.107438789 0.206015058
 [157] 0.221994587 0.262371214 0.172602862 0.262668904 0.191384010 0.092255009
 [163] 0.241423304 0.244996201 0.119839537 0.213131496 0.131539007 0.098793245
 [169] 0.211369801 0.102763366 0.109715449 0.120334160 0.247506144 0.190092579
 [175] 0.247137444 0.196328626 0.206582782 0.129100340 0.213210218 0.077223886
 [181] 0.113638326 0.195459634 0.190989967 0.102385099 0.190161705 0.117283305
 [187] 0.151481424 0.081114053 0.228123131 0.253344292 0.170970602 0.147940535
 [193] 0.110694859 0.161705669 0.136742410 0.156284730 0.194725226 0.133569716
 [199] 0.153770536 0.143204831 0.201107809 0.209994620 0.141334529 0.250291887
 [205] 0.218566415 0.158644977 0.228975450 0.212498603 0.113927624 0.234745109
 [211] 0.071347247 0.193338797 0.178639859 0.213222615 0.102489906 0.209643232
 [217] 0.137370045 0.278744808 0.218611035 0.071797909 0.171246322 0.128647982
 [223] 0.075081638 0.187704658 0.164114599 0.201145754 0.154095624 0.276730761
 [229] 0.239366843 0.225781685 0.192212604 0.175812252 0.222852348 0.178441300
 [235] 0.073357576 0.227552584 0.240880792 0.136086534 0.074483406 0.263551487
 [241] 0.243843511 0.199278612 0.272732936 0.203778329 0.101538634 0.171064457
 [247] 0.141332700 0.159378114 0.147485245 0.253265625 0.194409561 0.215650923
 [253] 0.405385602 0.193408338 0.150775701 0.141536286 0.295239129 0.268422751
 [259] 0.140980310 0.170576026 0.242720595 0.279315216 0.077546614 0.083460509
 [265] 0.060586343 0.198640714 0.131261893 0.197660607 0.140944058 0.168866510
 [271] 0.163068066 0.184324985 0.215558921 0.142254277 0.200435708 0.111603132
 [277] 0.186828510 0.209776088 0.129317360 0.130541991 0.098523810 0.236861264
 [283] 0.163671586 0.151082386 0.241655325 0.259434133 0.087124057 0.152864800
 [289] 0.168084303 0.263242218 0.107353831 0.204558192 0.086258049 0.273300148
 [295] 0.160966535 0.171745327 0.202139266 0.226147432 0.210751003 0.223004046
 [301] 0.149895719 0.218129569 0.093029496 0.086008026 0.125444384 0.200662751
 [307] 0.156472452 0.109690819 0.285071098 0.179666674 0.204620101 0.089056644
 [313] 0.251867477 0.182721027 0.177524380 0.158412542 0.215821584 0.202391964
 [319] 0.170929551 0.141177212 0.137591280 0.225714040 0.215743374 0.235166056
 [325] 0.222970263 0.268504705 0.163920735 0.257740234 0.020629021 0.221776256
 [331] 0.174381862 0.082387234 0.095112122 0.284695004 0.072532549 0.164000716
 [337] 0.209815330 0.049391517 0.101500546 0.165532692 0.273431206 0.138218368
 [343] 0.140822114 0.115635360 0.175324341 0.178496684 0.056637163 0.234009844
 [349] 0.158365118 0.187329037 0.116912987 0.214607636 0.254391447 0.218337354
 [355] 0.155660552 0.071061563 0.188857107 0.186896269 0.211220483 0.178639748
 [361] 0.164456390 0.175388973 0.217013666 0.266916927 0.176505139 0.132022005
 [367] 0.292761070 0.281851460 0.132821970 0.301722920 0.221207069 0.201247409
 [373] 0.223847175 0.059333729 0.266269030 0.097665282 0.226050182 0.162549395
 [379] 0.087360466 0.190243414 0.185496301 0.216291995 0.241852784 0.177027021
 [385] 0.132417501 0.155893855 0.250623662 0.180755514 0.078729284 0.290618794
 [391] 0.129559093 0.247679337 0.160071366 0.125987411 0.116740273 0.185862197
 [397] 0.119935862 0.075341754 0.140307374 0.145909699 0.258603994 0.129780294
 [403] 0.115407158 0.225791332 0.272005864 0.170095131 0.277347445 0.201946360
 [409] 0.128564225 0.196368371 0.169957206 0.236841064 0.112005745 0.090070873
 [415] 0.086672534 0.232421945 0.189698270 0.211444974 0.215256625 0.225436936
 [421] 0.251867407 0.130383317 0.203100297 0.044681222 0.053697285 0.279183132
 [427] 0.161361340 0.084969875 0.160659195 0.076783537 0.244846247 0.187517573
 [433] 0.131549039 0.075439158 0.152138590 0.169685707 0.183976766 0.166174290
 [439] 0.137578897 0.145316826 0.144156169 0.125418634 0.116841735 0.214830669
 [445] 0.142932230 0.216319186 0.158840807 0.154378264 0.187426193 0.179119659
 [451] 0.267319433 0.218752097 0.160017556 0.172651737 0.129720212 0.104320152
 [457] 0.160044717 0.228837861 0.111311290 0.282908419 0.154257449 0.207947797
 [463] 0.170059151 0.142533295 0.100933779 0.074584081 0.127805227 0.230794640
 [469] 0.105011703 0.198861503 0.076833212 0.218558714 0.199992505 0.150880083
 [475] 0.053118869 0.212126650 0.162051439 0.153408194 0.200161041 0.209425407
 [481] 0.213460727 0.212497498 0.247418389 0.198432299 0.221140325 0.097306541
 [487] 0.243155836 0.215904026 0.133328992 0.126701192 0.154499689 0.124056281
 [493] 0.059813142 0.266243516 0.172712750 0.264829430 0.101725915 0.231698584
 [499] 0.132293515 0.143178210 0.183722976 0.206592093 0.221769843 0.151159452
 [505] 0.171277731 0.182207953 0.069471439 0.141360882 0.093842678 0.107250035
 [511] 0.077346672 0.191515662 0.227096582 0.120194765 0.057556982 0.168709138
 [517] 0.083701135 0.174227561 0.159770250 0.204944062 0.141031178 0.071909587
 [523] 0.070551586 0.279367051 0.250939785 0.139884116 0.095125562 0.261619829
 [529] 0.324073014 0.174397179 0.198393232 0.243925507 0.234673792 0.210406178
 [535] 0.162148554 0.212004043 0.195235110 0.285480985 0.198942420 0.143317903
 [541] 0.176774826 0.218811292 0.149685125 0.167946711 0.124336307 0.102500401
 [547] 0.194335097 0.154237505 0.167732596 0.171966308 0.196643406 0.160625733
 [553] 0.247199546 0.193329908 0.227210532 0.221927810 0.216241997 0.210635439
 [559] 0.229073070 0.195786878 0.178449301 0.119658497 0.131793066 0.074551002
 [565] 0.052445212 0.306584555 0.187653295 0.224775570 0.228598233 0.168961773
 [571] 0.076160855 0.237995300 0.161898886 0.232376221 0.160752783 0.179029850
 [577] 0.168781177 0.182699582 0.129641449 0.172786309 0.225900406 0.225990612
 [583] 0.113859264 0.239414406 0.283592618 0.179304313 0.157431366 0.249825505
 [589] 0.170861793 0.204641608 0.149751075 0.187316188 0.165947065 0.199221834
 [595] 0.100951541 0.194461423 0.126463966 0.086544041 0.091320879 0.221306866
 [601] 0.107942445 0.159541858 0.163846847 0.090310323 0.213828172 0.218873965
 [607] 0.150788375 0.135032104 0.120319515 0.141030816 0.153163700 0.252767066
 [613] 0.224562423 0.124701265 0.138825546 0.228139587 0.244700949 0.097060149
 [619] 0.125264522 0.236572163 0.259472696 0.065820463 0.252940042 0.201178887
 [625] 0.207248938 0.119972955 0.160601035 0.272650130 0.107899403 0.193147955
 [631] 0.115241542 0.198878387 0.171920206 0.296153854 0.272375351 0.298068206
 [637] 0.232332940 0.257640495 0.152623581 0.170667493 0.215512864 0.201283780
 [643] 0.185929146 0.240977925 0.129852338 0.157516743 0.159831301 0.190015960
 [649] 0.252386528 0.127560973 0.166416979 0.215476088 0.226178530 0.251433798
 [655] 0.129987107 0.225621861 0.251653596 0.265166765 0.156089138 0.245715670
 [661] 0.285540944 0.196030788 0.227382623 0.099471492 0.096018738 0.233910000
 [667] 0.203815532 0.175449545 0.225957637 0.283658243 0.169996822 0.112612872
 [673] 0.129714072 0.092782783 0.209903706 0.098622543 0.233777261 0.111515603
 [679] 0.103347684 0.138116270 0.235485944 0.192620310 0.192262939 0.256639258
 [685] 0.259748608 0.164414493 0.180248913 0.275947877 0.196192398 0.193299131
 [691] 0.189397227 0.195569881 0.094600875 0.175222009 0.286796880 0.233555295
 [697] 0.160033901 0.158632860 0.150195102 0.149066295 0.264425599 0.187254137
 [703] 0.284661297 0.199851659 0.171310023 0.194794473 0.038884712 0.175175896
 [709] 0.221156306 0.093096815 0.211658889 0.240686861 0.099276404 0.339902688
 [715] 0.238262693 0.195483192 0.120366271 0.311314194 0.125347715 0.156591618
 [721] 0.157935351 0.056258523 0.252822135 0.308838326 0.275354808 0.239489602
 [727] 0.172660241 0.139382950 0.215713547 0.195641904 0.167462573 0.131161282
 [733] 0.165931503 0.110532001 0.237461282 0.195122912 0.090303632 0.115186895
 [739] 0.164107883 0.161667572 0.237342799 0.234395014 0.146045035 0.228742860
 [745] 0.192648366 0.081573955 0.151652321 0.130876316 0.210598745 0.189178816
 [751] 0.106241688 0.226055121 0.188485011 0.165081530 0.099615581 0.162966164
 [757] 0.113490666 0.195193326 0.167022506 0.177576064 0.151390622 0.239696501
 [763] 0.114133686 0.065090201 0.196614207 0.261343206 0.217470174 0.184891580
 [769] 0.142376149 0.139990603 0.111100487 0.200576285 0.178535984 0.200051151
 [775] 0.129710610 0.227934680 0.182466246 0.172298245 0.162827016 0.291436333
 [781] 0.191801911 0.152258806 0.115484041 0.176424922 0.187014624 0.195547888
 [787] 0.144233766 0.153543292 0.106515000 0.140077575 0.264552224 0.148586222
 [793] 0.283827234 0.234721184 0.243684049 0.181119862 0.181537552 0.197956190
 [799] 0.162699027 0.183165033 0.153496660 0.234237573 0.169685417 0.130018331
 [805] 0.245056980 0.159474701 0.123577799 0.144923957 0.120292527 0.076598943
 [811] 0.023486649 0.134870790 0.137815070 0.296343820 0.110016683 0.219043982
 [817] 0.152882613 0.107853129 0.205710418 0.183558836 0.194271852 0.224173304
 [823] 0.206311324 0.236859469 0.324984319 0.179910445 0.181239953 0.188714140
 [829] 0.180365157 0.198805482 0.140326752 0.215435809 0.137427758 0.192744131
 [835] 0.080070849 0.129949677 0.210235849 0.159607362 0.251261666 0.176249843
 [841] 0.189744888 0.284153801 0.217845541 0.144026545 0.142716281 0.164466933
 [847] 0.159824916 0.201187964 0.142559077 0.068304459 0.183842005 0.207977986
 [853] 0.230711661 0.232314010 0.136030127 0.177509842 0.132365517 0.222718064
 [859] 0.159843620 0.165950712 0.114292500 0.239753757 0.216445032 0.196284361
 [865] 0.185773897 0.241170098 0.080539320 0.101630016 0.214531364 0.249562060
 [871] 0.196713841 0.124539687 0.115306837 0.153901936 0.192921776 0.071955453
 [877] 0.098298048 0.294256667 0.155558608 0.153576221 0.225803883 0.115638882
 [883] 0.154548762 0.185128050 0.274867816 0.179987563 0.139276976 0.175860357
 [889] 0.122707324 0.190692280 0.153276934 0.204236548 0.172472414 0.115142731
 [895] 0.125566076 0.171892469 0.099812569 0.181461546 0.164912006 0.143872490
 [901] 0.155394781 0.157516824 0.070817823 0.240320495 0.163953614 0.127236977
 [907] 0.180597342 0.282226113 0.261977059 0.169757942 0.123633142 0.148614302
 [913] 0.123213368 0.166597483 0.179022710 0.240193154 0.281470051 0.180113557
 [919] 0.138080199 0.138025011 0.123529642 0.160964078 0.180055769 0.212383236
 [925] 0.168719119 0.291985745 0.163328622 0.190031947 0.125319467 0.158629213
 [931] 0.173220020 0.223332335 0.252616000 0.153623769 0.244036751 0.238723319
 [937] 0.248290516 0.177719414 0.180686138 0.199199367 0.202216946 0.221378110
 [943] 0.227627497 0.196109395 0.171847349 0.232692884 0.097857587 0.138534711
 [949] 0.122229320 0.124585960 0.160476862 0.084974147 0.209665859 0.266458304
 [955] 0.280823302 0.149652315 0.193168194 0.155656402 0.176410857 0.211187774
 [961] 0.174716491 0.220018850 0.140749573 0.242446700 0.009997145 0.227115198
 [967] 0.180055696 0.165915844 0.209699408 0.074457616 0.064705354 0.214676691
 [973] 0.270167650 0.161095374 0.234319641 0.196749031 0.140752272 0.154560385
 [979] 0.194934858 0.190970565 0.142649849 0.144768144 0.282534918 0.139872762
 [985] 0.112312605 0.132026876 0.232830783 0.136538144 0.186894035 0.175622393
 [991] 0.095677198 0.126097952 0.153018652 0.144371833 0.156893987 0.291489710
 [997] 0.091378176 0.217197651 0.221339052 0.201660492
[1] "(exp(2*coxResult$coefficients[1])-1)/maf1"
   [1] 0.23825986 0.22823503 0.13903720 0.13769515 0.21999934 0.21701277
   [7] 0.33389227 0.16266992 0.22816869 0.11751075 0.17294882 0.16912508
  [13] 0.20104062 0.25936754 0.09445563 0.15133630 0.21568943 0.18353368
  [19] 0.17275166 0.14687601 0.21112746 0.16735339 0.08320079 0.12321918
  [25] 0.23637024 0.22128150 0.10566657 0.18519751 0.20347406 0.22279691
  [31] 0.11497691 0.16622778 0.25528051 0.18037382 0.17236182 0.15058985
  [37] 0.17182275 0.12123571 0.20261420 0.21200543 0.11147752 0.10060383
  [43] 0.18669940 0.21353876 0.12054372 0.05767002 0.36715558 0.13448408
  [49] 0.24131338 0.27819148 0.19958233 0.22859603 0.13604249 0.18638658
  [55] 0.13470123 0.19146331 0.14983295 0.19155586 0.21315084 0.19503323
  [61] 0.17575266 0.11544317 0.16253634 0.13491161 0.25488247 0.04149078
  [67] 0.27019660 0.21254753 0.21172251 0.09558245 0.12489300 0.07619287
  [73] 0.19523300 0.10765456 0.13488737 0.26676750 0.10924188 0.15298217
  [79] 0.14905485 0.13436374 0.23106213 0.18872734 0.19929933 0.14253258
  [85] 0.10992711 0.15261030 0.14105636 0.14773176 0.13107633 0.14203027
  [91] 0.18754334 0.18267024 0.17258256 0.23724056 0.18678627 0.12020634
  [97] 0.12473529 0.18216691 0.11532795 0.14941419 0.22062325 0.16153742
 [103] 0.12494190 0.13863659 0.14808554 0.16629546 0.18200867 0.12919865
 [109] 0.21829767 0.17824918 0.17027437 0.09260676 0.23471720 0.20827051
 [115] 0.24100263 0.20934997 0.11631425 0.16142313 0.16063611 0.12847184
 [121] 0.26781414 0.19689952 0.21319052 0.14693825 0.14780796 0.27865315
 [127] 0.23287957 0.18860286 0.19422459 0.15456526 0.21334262 0.22031084
 [133] 0.24390946 0.24135560 0.12377285 0.20186648 0.28406726 0.24891591
 [139] 0.08594260 0.12984425 0.21605317 0.10694110 0.18653044 0.19693698
 [145] 0.14441578 0.19275963 0.12388351 0.24229343 0.09453053 0.23025955
 [151] 0.13806406 0.22340938 0.15839121 0.13754938 0.10777485 0.20725201
 [157] 0.22342321 0.26438398 0.17346525 0.26467351 0.19244766 0.09250166
 [163] 0.24311406 0.24674091 0.12025672 0.21444918 0.13203730 0.09907623
 [169] 0.21266038 0.10306956 0.11006417 0.12075263 0.24926619 0.19114104
 [175] 0.24890650 0.19744347 0.20781419 0.12958569 0.21452359 0.07739649
 [181] 0.11401223 0.19656593 0.19205085 0.10268858 0.19121629 0.11767826
 [187] 0.15214327 0.08130556 0.22964259 0.25519491 0.17181603 0.14857308
 [193] 0.11104935 0.16246252 0.13728513 0.15699191 0.19582381 0.13408620
 [199] 0.15445010 0.14380019 0.20227631 0.21126897 0.14190932 0.25210396
 [205] 0.21995781 0.15937386 0.23049367 0.21380137 0.11430365 0.23633609
 [211] 0.07149492 0.19441835 0.17956370 0.21453652 0.10279203 0.21090658
 [217] 0.13791557 0.28099729 0.21999314 0.07194714 0.17210049 0.12912606
 [223] 0.07524547 0.18872058 0.16489524 0.20231398 0.15478550 0.27895107
 [229] 0.24103057 0.22726011 0.19328600 0.17671359 0.22428262 0.17936153
 [235] 0.07351270 0.22906425 0.24255658 0.13662138 0.07464390 0.26556226
 [241] 0.24555126 0.20043136 0.27489819 0.20498239 0.10183733 0.17190681
 [247] 0.14190628 0.16011453 0.14811059 0.25511780 0.19549758 0.21699955
 [253] 0.41014719 0.19449567 0.15143746 0.14211589 0.29776307 0.27049993
 [259] 0.14155600 0.17141854 0.24442535 0.28158763 0.07772012 0.08366230
 [265] 0.06069250 0.19977994 0.13175955 0.19879003 0.14151777 0.16969323
 [271] 0.16383428 0.18530734 0.21690328 0.14284007 0.20160682 0.11196655
 [277] 0.18784096 0.21104757 0.12979714 0.13103328 0.09880546 0.23847903
 [283] 0.16444968 0.15174126 0.24335352 0.26139424 0.08734708 0.15354153
 [289] 0.16890153 0.26526055 0.10768949 0.20576509 0.08647324 0.27547168
 [295] 0.16171351 0.17259833 0.20333445 0.22763048 0.21205020 0.22445077
 [301] 0.15054900 0.21951036 0.09328238 0.08622278 0.12590138 0.20182895
 [307] 0.15717946 0.11003992 0.28743425 0.18060482 0.20582787 0.08928791
 [313] 0.25370747 0.18368559 0.17844047 0.15914133 0.21717812 0.20358022
 [319] 0.17178195 0.14175294 0.13814025 0.22717576 0.21709562 0.23677553
 [325] 0.22441108 0.27059806 0.16470395 0.25966833 0.02064136 0.22320054
 [331] 0.17526878 0.08258289 0.09537440 0.28704445 0.07268504 0.16477362
 [337] 0.21109098 0.04946180 0.10179999 0.16632387 0.27560158 0.13877470
 [343] 0.14139823 0.11602383 0.17621861 0.17942299 0.05673022 0.23559951
 [349] 0.15909426 0.18834628 0.11730590 0.21593874 0.25625463 0.21971770
 [355] 0.15636221 0.07120819 0.18988618 0.18791256 0.21251476 0.17956206
 [361] 0.16523776 0.17628568 0.21837416 0.26898164 0.17740329 0.13252794
 [367] 0.29524158 0.28414397 0.13333278 0.30438367 0.22261994 0.20241992
 [373] 0.22529453 0.05943532 0.26834153 0.09794130 0.22752591 0.16331589
 [379] 0.08758213 0.19128884 0.18649248 0.21765182 0.24354794 0.17793836
 [385] 0.13292218 0.15659490 0.25244106 0.18169498 0.07890808 0.29307083
 [391] 0.13004723 0.24945129 0.16082032 0.12644585 0.11713502 0.18686282
 [397] 0.12035412 0.07550685 0.14087967 0.14652770 0.26055161 0.13026807
 [403] 0.11579130 0.22727416 0.27414894 0.17093353 0.27957031 0.20312891
 [409] 0.12904061 0.19749282 0.17079169 0.23847573 0.11236794 0.09030510
 [415] 0.08688969 0.23399990 0.19074171 0.21273918 0.21659870 0.22691111
 [421] 0.25371657 0.13087046 0.20429787 0.04473917 0.05378050 0.28143859
 [427] 0.16211125 0.08517936 0.16140206 0.07695431 0.24658236 0.18853587
 [433] 0.13205037 0.07560457 0.15281280 0.17051932 0.18495398 0.16697184
 [439] 0.13812648 0.14592701 0.14475860 0.12587633 0.11723797 0.21617429
 [445] 0.14352416 0.21766769 0.15958154 0.15506884 0.18843897 0.18005587
 [451] 0.26939482 0.22013477 0.16076084 0.17351524 0.13020697 0.10463597
 [457] 0.16078534 0.23036101 0.11166909 0.28523034 0.15494525 0.20920435
 [463] 0.17089417 0.14312140 0.10122911 0.07474545 0.12827989 0.23233986
 [469] 0.10533372 0.20000302 0.07700476 0.21993881 0.20115622 0.15153577
 [475] 0.05320089 0.21343136 0.16281355 0.15408732 0.20132476 0.21069890
 [481] 0.21479094 0.21381204 0.24921048 0.19958007 0.22255713 0.09758140
 [487] 0.24487298 0.21725013 0.13384563 0.12716840 0.15518865 0.12450062
 [493] 0.05991732 0.26829128 0.17357713 0.26687713 0.10202626 0.23325572
 [499] 0.13279974 0.14377166 0.18470449 0.20784803 0.22319358 0.15182144
 [505] 0.17213161 0.18317174 0.06961132 0.14193812 0.09409751 0.10758228
 [511] 0.07752093 0.19258057 0.22858615 0.12061372 0.05765300 0.16953323
 [517] 0.08390378 0.17510059 0.16050444 0.20615340 0.14160861 0.07206067
 [523] 0.07069602 0.28163849 0.25278144 0.14045391 0.09538731 0.26360044
 [529] 0.32712867 0.17528040 0.19954140 0.24565242 0.23626674 0.21167977
 [535] 0.16290841 0.21330125 0.19634617 0.28785072 0.20009388 0.14391652
 [541] 0.17767408 0.22019141 0.15033480 0.16876489 0.12478323 0.10280728
 [547] 0.19542140 0.15492566 0.16854799 0.17282383 0.19777406 0.16137326
 [553] 0.24897995 0.19440886 0.22870656 0.22334131 0.21759941 0.21192433
 [559] 0.23059110 0.19690235 0.17937453 0.12007492 0.13229856 0.07471165
 [565] 0.05252493 0.30931159 0.18866524 0.22622836 0.23012792 0.16978650
 [571] 0.07632935 0.23963587 0.16265511 0.23393060 0.16149993 0.17996282
 [577] 0.16959952 0.18366939 0.13012773 0.17365262 0.22737248 0.22747073
 [583] 0.11423507 0.24106947 0.28592972 0.18023197 0.15815437 0.25163589
 [589] 0.17170040 0.20586373 0.15039762 0.18833415 0.16674735 0.20036656
 [595] 0.10124642 0.19555657 0.12692563 0.08676178 0.09156261 0.22272482
 [601] 0.10827767 0.16027888 0.16462569 0.09054631 0.21514782 0.22025951
 [607] 0.15144453 0.13555782 0.12074075 0.14160461 0.15384060 0.25461547
 [613] 0.22602770 0.12514946 0.13938467 0.22964605 0.24643813 0.09733367
 [619] 0.12571916 0.23818850 0.26141045 0.06594548 0.25478739 0.20235305
 [625] 0.20848522 0.12038925 0.16134643 0.27479904 0.10823405 0.19423346
 [631] 0.11562740 0.20002735 0.17277636 0.29870920 0.27453032 0.30064870
 [637] 0.23390825 0.25955755 0.15329820 0.17151288 0.21685277 0.20245665
 [643] 0.18693314 0.24265551 0.13034092 0.15824032 0.16057378 0.19107174
 [649] 0.25422980 0.12803235 0.16722068 0.21682085 0.22767293 0.25326420
 [655] 0.13047714 0.22710233 0.25348255 0.26720218 0.15679364 0.24745766
 [661] 0.28789921 0.19714292 0.22887793 0.09975974 0.09628551 0.23550777
 [667] 0.20502118 0.17634135 0.22743863 0.28601234 0.17083529 0.11298039
 [673] 0.13020279 0.09303277 0.21119049 0.09890419 0.23535685 0.11187777
 [679] 0.10365859 0.13867045 0.23709318 0.19369729 0.19333536 0.25852966
 [685] 0.26169682 0.16519984 0.18118998 0.27815991 0.19730972 0.19438260
 [691] 0.19043369 0.19668031 0.09485989 0.17611568 0.28917439 0.23514586
 [697] 0.16077940 0.15936582 0.15084990 0.14970702 0.26644954 0.18826987
 [703] 0.28700889 0.20101156 0.17216256 0.19589979 0.03892816 0.17606818
 [709] 0.22257032 0.09334878 0.21295001 0.24235895 0.09956280 0.34323507
 [715] 0.23991852 0.19659453 0.12078624 0.31412467 0.12580212 0.15730362
 [721] 0.15865937 0.05635067 0.25467323 0.31159442 0.27754997 0.24114934
 [727] 0.17352274 0.13994518 0.21705906 0.19675384 0.16828134 0.13165786
 [733] 0.16673300 0.11088667 0.23908131 0.19622660 0.09053874 0.11557013
 [739] 0.16488816 0.16242739 0.23897751 0.23598736 0.14666684 0.23025221
 [745] 0.19372665 0.08176534 0.15231732 0.13137187 0.21188921 0.19021736
 [751] 0.10656832 0.22753759 0.18951666 0.16587059 0.09990446 0.16373819
 [757] 0.11386683 0.19630313 0.16782430 0.17849603 0.15204983 0.24135981
 [763] 0.11451198 0.06521292 0.19774308 0.26331803 0.21883650 0.18588682
 [769] 0.14295937 0.14055522 0.11145582 0.20175261 0.17946321 0.20121755
 [775] 0.13019961 0.22944205 0.18343016 0.17315631 0.16359354 0.29388841
 [781] 0.19287563 0.15292656 0.11587065 0.17732788 0.18803147 0.19665452
 [787] 0.14483643 0.15422469 0.10684303 0.14065188 0.26657452 0.14922463
 [793] 0.28613925 0.23631098 0.24539593 0.18206124 0.18249444 0.19909154
 [799] 0.16346810 0.18413241 0.15418839 0.23582784 0.17051631 0.13050603
 [805] 0.24679985 0.16021336 0.12401938 0.14553050 0.12070990 0.07676921
 [811] 0.02350275 0.13539350 0.13836585 0.29887595 0.11036499 0.22043272
 [817] 0.15355581 0.10819012 0.20693871 0.18453197 0.19536139 0.22562605
 [823] 0.20754243 0.23849523 0.32803882 0.18084737 0.18219138 0.18974617
 [829] 0.18131266 0.19995485 0.14089651 0.21678229 0.13797399 0.19381751
 [835] 0.08025735 0.13044136 0.21151487 0.16034493 0.25308619 0.17715738
 [841] 0.19079264 0.28649845 0.21921646 0.14462706 0.14330806 0.16525287
 [847] 0.16055992 0.20235227 0.14314937 0.06843982 0.18481938 0.20922207
 [853] 0.23226098 0.23388426 0.13656174 0.17841739 0.13287353 0.22415995
 [859] 0.16058558 0.16674850 0.11467108 0.24141980 0.21780533 0.19740335
 [865] 0.18677405 0.24285304 0.08072643 0.10192818 0.21586286 0.25136790
 [871] 0.19783133 0.12498779 0.11569096 0.15458809 0.19399976 0.07210505
 [877] 0.09857983 0.29675379 0.15625805 0.15426078 0.22728628 0.11602674
 [883] 0.15524016 0.18612359 0.27706316 0.18092325 0.13983858 0.17675856
 [889] 0.12314564 0.19174654 0.15395780 0.20544909 0.17333347 0.11552750
 [895] 0.12602039 0.17275014 0.10010337 0.18241775 0.16570403 0.14447206
 [901] 0.15609753 0.15823811 0.07096281 0.24199658 0.16473831 0.12770789
 [907] 0.18153982 0.28452950 0.26395705 0.17059633 0.12407706 0.14925463
 [913] 0.12365116 0.16739938 0.17995819 0.24186246 0.28375834 0.18105910
 [919] 0.13863528 0.13857938 0.12397220 0.16171338 0.18099763 0.21368213
 [925] 0.16954253 0.29446138 0.16409955 0.19108219 0.12577661 0.15936107
 [931] 0.17408725 0.22477756 0.25445929 0.15430953 0.24576176 0.24037875
 [937] 0.25007544 0.17863686 0.18162539 0.20034913 0.20339967 0.22280106
 [943] 0.22913783 0.19722667 0.17269999 0.23425142 0.09813548 0.13909130
 [949] 0.12266616 0.12503792 0.16121953 0.08518278 0.21094177 0.26850354
 [955] 0.28309553 0.15029792 0.19425241 0.15635335 0.17731716 0.21248200
 [961] 0.17560125 0.22142839 0.14132615 0.24414320 0.01000002 0.22861478
 [967] 0.18099388 0.16671329 0.21097409 0.07461796 0.06482668 0.21601500
 [973] 0.27227769 0.16184472 0.23590779 0.19787963 0.14132580 0.15525210
 [979] 0.19603911 0.19203129 0.14323922 0.14537249 0.28485453 0.14043739
 [985] 0.11267974 0.13253114 0.23439541 0.13707763 0.18790712 0.17652031
 [991] 0.09594239 0.12655620 0.15369916 0.14497236 0.15760065 0.29395803
 [997] 0.09161983 0.21856577 0.22276159 0.20283493
[1] "  exp(coxResult2$coefficients[1]/maf2 * 2) -1"
   [1] 0.26687728 0.23765155 0.11903028 0.15430497 0.24942601 0.22703622
   [7] 0.37455578 0.15958077 0.26950732 0.14012826 0.17471989 0.16970142
  [13] 0.20651368 0.29580040 0.09838887 0.14942678 0.24985762 0.18984752
  [19] 0.17750306 0.15497056 0.22724034 0.17237314 0.08397666 0.12876711
  [25] 0.27279942 0.24117447 0.10076995 0.18011189 0.22678288 0.26286841
  [31] 0.12161202 0.16970699 0.27908863 0.19544258 0.17828769 0.16189864
  [37] 0.18526269 0.12917566 0.21504495 0.22691783 0.12752811 0.10674597
  [43] 0.21630658 0.22377992 0.14846111 0.05431174 0.44605403 0.15236871
  [49] 0.25918504 0.29175163 0.21750781 0.23930181 0.16307398 0.19602884
  [55] 0.12133281 0.23913102 0.16660074 0.20835521 0.25254013 0.21941862
  [61] 0.19540051 0.12243205 0.16625819 0.13021331 0.28881426 0.01737508
  [67] 0.30081873 0.20483925 0.22695080 0.08963856 0.11623520 0.08946461
  [73] 0.26213140 0.09657098 0.15409991 0.28744087 0.10888253 0.16274679
  [79] 0.16160348 0.15081519 0.28132784 0.18907301 0.22407374 0.13268270
  [85] 0.12896935 0.16232470 0.15711468 0.15039047 0.12490559 0.14338533
  [91] 0.20536917 0.18533280 0.20481076 0.25151287 0.20734800 0.12818062
  [97] 0.10721316 0.18387062 0.11552174 0.15095986 0.26798356 0.15226970
 [103] 0.12120513 0.16278629 0.16077242 0.16162414 0.17603951 0.13402830
 [109] 0.25478354 0.19177032 0.16711099 0.12339455 0.27866811 0.20618587
 [115] 0.21809086 0.22654655 0.10017000 0.16192169 0.15575291 0.14831115
 [121] 0.29417707 0.21119435 0.24048599 0.18533022 0.15285263 0.30080668
 [127] 0.27385210 0.21311007 0.20465011 0.14372755 0.23419894 0.21309326
 [133] 0.27717897 0.26626788 0.12405995 0.22904505 0.29801894 0.26256727
 [139] 0.09046767 0.14853161 0.20594230 0.12595149 0.17792999 0.22726278
 [145] 0.15888333 0.22035934 0.13981279 0.27986604 0.09188250 0.25480659
 [151] 0.14190553 0.23774512 0.15855572 0.15919403 0.09475959 0.24999776
 [157] 0.23960230 0.27607719 0.17388522 0.28487019 0.18882241 0.07696569
 [163] 0.26577833 0.25625402 0.12452397 0.24978159 0.12554781 0.08606567
 [169] 0.21068664 0.10230745 0.11652695 0.13355258 0.27210497 0.21099400
 [175] 0.27423742 0.21526757 0.22614966 0.12383004 0.25693676 0.04025119
 [181] 0.13396226 0.24248758 0.23238948 0.09179458 0.20336229 0.12376156
 [187] 0.19684724 0.07152593 0.24144443 0.27787037 0.17301269 0.15785022
 [193] 0.11445193 0.19924834 0.16779073 0.16134564 0.21899314 0.12472809
 [199] 0.14360528 0.15798263 0.22055093 0.23754391 0.15645292 0.28844435
 [205] 0.25587262 0.19145609 0.24455911 0.21467561 0.08192172 0.27235066
 [211] 0.07031699 0.21580644 0.21057775 0.23821588 0.10788387 0.22434448
 [217] 0.15348629 0.32818402 0.25095725 0.05036801 0.20494575 0.15263419
 [223] 0.08700137 0.19606812 0.15253084 0.20611595 0.16409041 0.29070983
 [229] 0.26410952 0.24134868 0.21822554 0.17218919 0.25902965 0.17416079
 [235] 0.08148344 0.23603704 0.24760231 0.14915860 0.05818192 0.30744590
 [241] 0.25700956 0.21160225 0.30829497 0.21818667 0.08198397 0.19529376
 [247] 0.13974181 0.17150286 0.14374476 0.30675800 0.18859723 0.24885536
 [253] 0.48422306 0.18375826 0.15002096 0.16343945 0.31740104 0.29885680
 [259] 0.12662180 0.18698680 0.28648200 0.31162258 0.09290310 0.07556380
 [265] 0.08494033 0.23430536 0.15324543 0.22463735 0.14867570 0.17013930
 [271] 0.16031391 0.18685527 0.23793947 0.17493373 0.22635067 0.12870525
 [277] 0.21877032 0.24097668 0.15245290 0.11632586 0.11292953 0.27513142
 [283] 0.19463390 0.18011450 0.28032117 0.27471864 0.10401164 0.16866278
 [289] 0.18989112 0.28951654 0.12281920 0.20813965 0.05736001 0.30220505
 [295] 0.17172043 0.17865090 0.21714051 0.22022411 0.22043742 0.23850207
 [301] 0.17207990 0.23667214 0.08517021 0.08810313 0.11473761 0.22554518
 [307] 0.15408059 0.13192268 0.31442284 0.18080809 0.23661154 0.09623329
 [313] 0.30829028 0.20159133 0.20019616 0.18639969 0.20815148 0.20466844
 [319] 0.19227048 0.14634097 0.12008784 0.25942171 0.20455020 0.27671332
 [325] 0.26053173 0.30144439 0.17636584 0.31332385 0.03106960 0.24998835
 [331] 0.18488159 0.08910676 0.10952856 0.29894296 0.09638435 0.15234096
 [337] 0.21121219 0.05230133 0.11910677 0.14599111 0.31824854 0.14336568
 [343] 0.14087797 0.11452750 0.16464524 0.20160003 0.04840620 0.24794479
 [349] 0.16883953 0.21903381 0.11070954 0.21495018 0.29047103 0.26314409
 [355] 0.17620403 0.07469307 0.19300144 0.22631883 0.21056296 0.17383989
 [361] 0.18343138 0.20852606 0.22592026 0.31911029 0.18747664 0.15317246
 [367] 0.33476362 0.31457848 0.13113180 0.35813118 0.25050044 0.21975095
 [373] 0.25479727 0.07139819 0.25530687 0.10634771 0.24576815 0.16981040
 [379] 0.09556832 0.19024139 0.18316675 0.22064292 0.25679558 0.18842795
 [385] 0.13454679 0.18678243 0.29865647 0.19828425 0.06631143 0.36746488
 [391] 0.10623607 0.27194976 0.18016036 0.10729750 0.11143269 0.20238384
 [397] 0.11208472 0.08486048 0.15364626 0.15223569 0.28471285 0.13752108
 [403] 0.11420895 0.26111984 0.29036608 0.18863839 0.27898407 0.21852255
 [409] 0.16156050 0.20669480 0.17113423 0.22362227 0.12105356 0.07975853
 [415] 0.10126417 0.24608605 0.22057733 0.24476659 0.23897364 0.28831540
 [421] 0.27740458 0.13470551 0.21957610 0.04483718 0.05949177 0.32328687
 [427] 0.16069757 0.07488049 0.16850800 0.08736339 0.28994116 0.19623163
 [433] 0.14099787 0.07502372 0.14714650 0.18968975 0.18616435 0.17958141
 [439] 0.14523651 0.14568908 0.15394422 0.12560542 0.11799303 0.24535567
 [445] 0.14457780 0.18632981 0.17650048 0.15083842 0.19704054 0.19023195
 [451] 0.29306694 0.26884557 0.15127245 0.15958766 0.14273763 0.12087104
 [457] 0.13930610 0.25285998 0.08893509 0.31326484 0.19126997 0.23409658
 [463] 0.18095301 0.13421103 0.09389795 0.06076359 0.14811345 0.25433331
 [469] 0.14033721 0.20471327 0.07976639 0.25832488 0.22009434 0.15959381
 [475] 0.04328881 0.20122874 0.17556313 0.16583511 0.24101027 0.21848902
 [481] 0.21254930 0.22727222 0.28692190 0.23658828 0.25418774 0.10614004
 [487] 0.25898117 0.21980563 0.13129525 0.10917238 0.16399785 0.10274407
 [493] 0.08409257 0.29531384 0.18809890 0.30315658 0.12954672 0.25750741
 [499] 0.13739700 0.16842931 0.19591154 0.18373681 0.22849579 0.17105828
 [505] 0.17426473 0.16627709 0.07853803 0.16192000 0.07421563 0.09623301
 [511] 0.06577134 0.18332788 0.26281302 0.12719241 0.05168094 0.17049817
 [517] 0.08893663 0.17253218 0.15685538 0.20457519 0.15814723 0.08235038
 [523] 0.06216932 0.29616977 0.29790909 0.18094510 0.09220914 0.26615149
 [529] 0.39586151 0.21278748 0.21268541 0.27122675 0.26212147 0.23891979
 [535] 0.18438524 0.24477831 0.19986225 0.31611205 0.22777976 0.13574456
 [541] 0.21567793 0.25834643 0.18371063 0.17743447 0.15086679 0.11383827
 [547] 0.21090143 0.14668524 0.19950509 0.20755817 0.21075012 0.19135934
 [553] 0.27218035 0.22498316 0.21943273 0.26674394 0.23564106 0.22072304
 [559] 0.25081220 0.21708485 0.16841354 0.12735158 0.16028857 0.09716877
 [565] 0.04750454 0.34059820 0.21730956 0.29647666 0.27946280 0.16687998
 [571] 0.08540594 0.27282275 0.16966806 0.27466642 0.17735844 0.19747313
 [577] 0.18879058 0.20252002 0.13904124 0.18092903 0.23361466 0.26245273
 [583] 0.13230910 0.26182877 0.31436250 0.19157323 0.17406098 0.26676186
 [589] 0.15647294 0.22637017 0.15263565 0.19906862 0.17837260 0.20698101
 [595] 0.08055067 0.19667935 0.12015442 0.11597507 0.10365073 0.23056515
 [601] 0.13108376 0.20240899 0.17659026 0.10040105 0.24658792 0.23442713
 [607] 0.16049720 0.12677948 0.12419092 0.16274214 0.15897267 0.24680808
 [613] 0.25022029 0.13772397 0.15193367 0.24584614 0.26967472 0.11734466
 [619] 0.11417616 0.22445874 0.28289256 0.06189948 0.26016044 0.24816424
 [625] 0.19898656 0.11275354 0.18290950 0.30265863 0.13848380 0.18602278
 [631] 0.09835752 0.25164348 0.22377360 0.33953002 0.31346966 0.36180105
 [637] 0.27971324 0.30273511 0.14484444 0.16945805 0.21360435 0.20967250
 [643] 0.21425974 0.27408332 0.12739959 0.18114727 0.15980328 0.21741478
 [649] 0.28596305 0.15040807 0.17614101 0.23124850 0.22590681 0.26288715
 [655] 0.11003942 0.24570478 0.28404264 0.26848569 0.18690640 0.27336477
 [661] 0.33047942 0.19567939 0.23344560 0.08643326 0.10227068 0.27126432
 [667] 0.21289859 0.19818025 0.26750738 0.32058368 0.20419830 0.08925830
 [673] 0.15137991 0.10034247 0.22446874 0.10767618 0.26047609 0.09773369
 [679] 0.08532331 0.13884981 0.25996054 0.21034597 0.19666683 0.26706710
 [685] 0.26737869 0.16031979 0.20343314 0.28941936 0.20177315 0.24849007
 [691] 0.20704408 0.22585580 0.09814394 0.17851490 0.31374102 0.27290831
 [697] 0.14686379 0.15462760 0.17710723 0.13689208 0.29350757 0.19852939
 [703] 0.28907280 0.20324020 0.18584531 0.21998730 0.03133610 0.18357946
 [709] 0.25018282 0.08944436 0.28600620 0.25294377 0.09102022 0.37818032
 [715] 0.25961247 0.18641838 0.12321945 0.35042002 0.12974573 0.15191210
 [721] 0.13538158 0.06565963 0.29660546 0.34512355 0.29375056 0.23737693
 [727] 0.16198255 0.14575797 0.23028390 0.21516028 0.18600157 0.15941544
 [733] 0.19317201 0.11594759 0.24967029 0.21023586 0.10959453 0.10912219
 [739] 0.14410725 0.18774475 0.23852170 0.25602675 0.16178287 0.26282973
 [745] 0.22611536 0.09831888 0.14046045 0.13736276 0.22709071 0.20216617
 [751] 0.09714359 0.24350693 0.18562877 0.18771449 0.10479268 0.18573485
 [757] 0.12109172 0.19589312 0.14905541 0.19449255 0.16422732 0.25144996
 [763] 0.09966043 0.07170597 0.23047065 0.29681024 0.21898552 0.18494932
 [769] 0.16245059 0.15841195 0.13185250 0.21539238 0.18950295 0.18244492
 [775] 0.12160483 0.22404221 0.20538845 0.19892863 0.18446172 0.33073896
 [781] 0.18019404 0.14790305 0.11695891 0.21492977 0.21044978 0.22497364
 [787] 0.17830513 0.16609772 0.11219913 0.14969231 0.29010269 0.15945792
 [793] 0.32068625 0.25066813 0.26418382 0.20823809 0.18126860 0.21156690
 [799] 0.14730661 0.20294247 0.15818004 0.25292184 0.21268648 0.13348131
 [805] 0.25301704 0.18504434 0.12806405 0.14314384 0.13942558 0.06231680
 [811] 0.02178830 0.14527422 0.16093555 0.34841355 0.13293755 0.23649210
 [817] 0.17574764 0.11726509 0.26808849 0.20430089 0.21658133 0.28131791
 [823] 0.23014739 0.25259109 0.37166156 0.20086731 0.19885359 0.19685895
 [829] 0.18146852 0.19805866 0.14566507 0.23633187 0.13424114 0.22355838
 [835] 0.09320232 0.12943001 0.24689330 0.18445260 0.23355247 0.19543652
 [841] 0.20619983 0.32922094 0.22779336 0.14826687 0.14473721 0.16029137
 [847] 0.16699038 0.19944717 0.14681129 0.06360076 0.17333126 0.23349665
 [853] 0.27285323 0.27325655 0.15464512 0.20461897 0.16753929 0.22840590
 [859] 0.17840466 0.18897527 0.10789545 0.25040703 0.21494292 0.19531332
 [865] 0.21183867 0.27159416 0.07841579 0.10926505 0.23079635 0.26904408
 [871] 0.18117437 0.13824856 0.16522680 0.16322115 0.17935059 0.07577274
 [877] 0.11326463 0.33408531 0.15479117 0.15617187 0.22954198 0.14515001
 [883] 0.17796542 0.18220507 0.30480654 0.20957272 0.14506169 0.17240692
 [889] 0.11688972 0.20263134 0.14057229 0.23264577 0.17321763 0.08193460
 [895] 0.13190668 0.18891927 0.09433848 0.16466972 0.15480802 0.13520818
 [901] 0.18376792 0.18794251 0.08160204 0.24574671 0.16672346 0.12443116
 [907] 0.18227736 0.30967573 0.32879380 0.18948364 0.13512765 0.14393729
 [913] 0.12313341 0.17230558 0.21611742 0.26582142 0.33010530 0.19226970
 [919] 0.14642282 0.17403214 0.13709245 0.17335258 0.20890739 0.25046850
 [925] 0.17219701 0.34365318 0.16252401 0.21248075 0.09946313 0.19147084
 [931] 0.20629658 0.23658404 0.27693950 0.19275313 0.27951354 0.28444250
 [937] 0.27242455 0.21173439 0.18898423 0.20147470 0.23786257 0.22646601
 [943] 0.23985578 0.18309311 0.16051121 0.27048953 0.11983303 0.14748337
 [949] 0.10081276 0.12067338 0.16912012 0.10727862 0.24396779 0.31650702
 [955] 0.32375526 0.17604697 0.19985716 0.15404215 0.19063056 0.23723650
 [961] 0.20555884 0.25774621 0.13680367 0.26014747 0.03272823 0.24373833
 [967] 0.20395414 0.18655077 0.24102686 0.07403562 0.08126458 0.21384528
 [973] 0.27548136 0.17442369 0.27379785 0.21616699 0.16795911 0.16997331
 [979] 0.20797671 0.17595183 0.15421333 0.14370873 0.30109095 0.13083111
 [985] 0.12142990 0.15632543 0.22669552 0.13185663 0.19678332 0.17281656
 [991] 0.10409456 0.12766733 0.17880180 0.16269233 0.15815124 0.32498224
 [997] 0.09922234 0.27430196 0.24093575 0.23775506
[1] "(exp(coxResult2$coefficients[1])-1)/maf2 * 2"
   [1] 0.23818349 0.21454047 0.11282981 0.14409651 0.22412737 0.20581892
   [7] 0.32109888 0.14869413 0.24027857 0.13163909 0.16178181 0.15746334
  [13] 0.18875993 0.26108509 0.09410398 0.13982889 0.22448261 0.17471022
  [19] 0.16417522 0.14468098 0.20598868 0.15976391 0.08082528 0.12155130
  [25] 0.24292021 0.21740991 0.09627834 0.16640853 0.20559722 0.23497656
  [31] 0.11514907 0.15746654 0.24790757 0.17943817 0.16484970 0.15070972
  [37] 0.17080857 0.12191683 0.19588000 0.20572013 0.12044482 0.10172381
  [43] 0.19693728 0.20313093 0.13898123 0.05296913 0.37281790 0.14240339
  [49] 0.23202314 0.25790774 0.19792611 0.21588647 0.15172825 0.17993962
  [55] 0.11489473 0.21574520 0.15478196 0.19029941 0.22664579 0.19952191
  [61] 0.17940911 0.11588405 0.15448870 0.12284138 0.25558324 0.01723442
  [67] 0.26498868 0.18735220 0.20574548 0.08605942 0.11031333 0.08589923
  [73] 0.23437427 0.09243434 0.14392101 0.25450830 0.10366270 0.15144883
  [79] 0.15045222 0.14104442 0.24968919 0.17404311 0.20337250 0.12504038
  [85] 0.12173180 0.15108308 0.14655256 0.14066878 0.11810209 0.13451574
  [91] 0.18779978 0.17086560 0.18733386 0.22581917 0.18945396 0.12102573
  [97] 0.10214650 0.16961573 0.10966656 0.14116998 0.23907281 0.14231435
 [103] 0.11478573 0.15147605 0.14973150 0.15047415 0.16291647 0.12623541
 [109] 0.22846338 0.17633416 0.15522762 0.11674878 0.24757188 0.18848602
 [115] 0.19841072 0.20541020 0.09573036 0.15073148 0.14536064 0.13884805
 [121] 0.25982069 0.19267392 0.21685295 0.17085966 0.14282561 0.26499497
 [127] 0.24374866 0.19427317 0.18719704 0.13481601 0.21170838 0.19424933
 [133] 0.24639171 0.23770144 0.11734712 0.20747570 0.26282550 0.23472478
 [139] 0.08682550 0.13903923 0.18828699 0.11903942 0.16453551 0.20600260
 [145] 0.14808842 0.20030299 0.13136303 0.24851612 0.08812940 0.22848695
 [151] 0.13321060 0.21461614 0.14780036 0.14835694 0.09077387 0.22459911
 [157] 0.21613366 0.24553705 0.16106532 0.25249226 0.17383503 0.07430712
 [163] 0.23730602 0.22965411 0.11776081 0.22441709 0.11867367 0.08275967
 [169] 0.19224764 0.09768130 0.11057564 0.12581180 0.24234494 0.19250890
 [175] 0.24405716 0.19606787 0.20508311 0.11714033 0.23019501 0.03950733
 [181] 0.12617664 0.21848616 0.21022981 0.08804644 0.18612263 0.11707338
 [187] 0.18062512 0.06922285 0.21764725 0.24693663 0.16031423 0.14718765
 [193] 0.10870318 0.18265378 0.15581406 0.15022907 0.19916573 0.11794223
 [199] 0.13470470 0.14730575 0.20045445 0.21444681 0.14596714 0.25530248
 [205] 0.22934904 0.17606781 0.22017340 0.19557248 0.07891876 0.24254903
 [211] 0.06808899 0.19651458 0.19215878 0.21499642 0.10275428 0.20358792
 [217] 0.14337995 0.28616057 0.22536522 0.04921056 0.18745053 0.14263434
 [223] 0.08362544 0.17996720 0.14254609 0.18842309 0.15261274 0.25709011
 [229] 0.23597024 0.21755978 0.19853175 0.15961149 0.23187614 0.16130109
 [235] 0.07851079 0.21322684 0.22264328 0.13958972 0.05664489 0.27016678
 [241] 0.23024511 0.19301720 0.27083798 0.19849737 0.07897655 0.17931116
 [247] 0.13129432 0.15901604 0.13482779 0.26962680 0.17363616 0.22366572
 [253] 0.39944485 0.16952438 0.14035048 0.15204562 0.27787336 0.26346570
 [259] 0.11963631 0.17227171 0.25375654 0.27341996 0.08906563 0.07299894
 [265] 0.08171748 0.21179292 0.14316888 0.20383640 0.13916609 0.15784078
 [271] 0.14932956 0.17215859 0.21477197 0.16196630 0.20526124 0.12149984
 [277] 0.19898209 0.21725116 0.14247180 0.11039272 0.10732859 0.24476054
 [283] 0.17876152 0.16640563 0.24889525 0.24444964 0.09923871 0.15656582
 [289] 0.17473912 0.25616003 0.11623437 0.19011680 0.05586534 0.26609684
 [295] 0.15919938 0.16515435 0.19763815 0.20018803 0.20037475 0.21523932
 [301] 0.15951512 0.21373892 0.08193239 0.08464324 0.10896244 0.20458861
 [307] 0.14389871 0.12436422 0.27558310 0.16700447 0.21368131 0.09212662
 [313] 0.27082640 0.18462458 0.18345643 0.17177441 0.19013683 0.18721395
 [319] 0.17676489 0.13711538 0.11378094 0.23218578 0.18711635 0.24603409
 [325] 0.23309427 0.26550079 0.16320133 0.27472871 0.03062387 0.22458230
 [331] 0.17048502 0.08556824 0.10424900 0.26354432 0.09226365 0.14237496
 [337] 0.19268978 0.05105447 0.11289967 0.13680755 0.27853221 0.13450039
 [343] 0.13230412 0.10877286 0.15309451 0.18463814 0.04733600 0.22292862
 [349] 0.15672123 0.19920002 0.10531662 0.19580308 0.25688874 0.23519105
 [355] 0.16305744 0.07218599 0.17737403 0.20523254 0.19214891 0.16102522
 [361] 0.16924033 0.19045099 0.20489528 0.27919228 0.17268467 0.14310802
 [367] 0.29118099 0.27568666 0.12365942 0.30886479 0.22499298 0.19979358
 [373] 0.22846857 0.06910195 0.22889859 0.10136039 0.22115295 0.15755751
 [379] 0.09151562 0.17503528 0.16901632 0.20053777 0.23008626 0.17350102
 [385] 0.12669304 0.17209442 0.26331625 0.18183486 0.06432451 0.31581918
 [391] 0.10126039 0.24223035 0.16645501 0.10222304 0.10597390 0.18529363
 [397] 0.10656525 0.08164467 0.14352312 0.14228867 0.25237228 0.12933342
 [403] 0.10848274 0.23357263 0.25681799 0.17367667 0.24782462 0.19877618
 [409] 0.15041257 0.18891829 0.15869595 0.20300746 0.11464672 0.07690772
 [415] 0.09672821 0.22142760 0.20048035 0.22034154 0.21561889 0.25520596
 [421] 0.24658608 0.12683194 0.19965180 0.04391695 0.05788583 0.28240180
 [427] 0.14966267 0.07236100 0.15642776 0.08395937 0.25648291 0.18010931
 [433] 0.13240855 0.07249507 0.13782803 0.17456890 0.17156924 0.16594996
 [439] 0.13614464 0.13654224 0.14378187 0.11872936 0.11189700 0.22082886
 [445] 0.13556562 0.17170875 0.16332254 0.14106429 0.18078817 0.17503626
 [451] 0.25894502 0.23975304 0.14144551 0.14870152 0.13394312 0.11448476
 [457] 0.13091254 0.22691363 0.08541025 0.27468233 0.17590828 0.21163006
 [463] 0.16712310 0.12639759 0.08998134 0.05909009 0.13867594 0.22810048
 [469] 0.13182882 0.18724650 0.07691612 0.23131355 0.20008410 0.14870311
 [475] 0.04243030 0.18432336 0.16250892 0.15411909 0.21728563 0.19874991
 [481] 0.19381359 0.20601994 0.25412526 0.21367604 0.22798079 0.10117247
 [487] 0.23185029 0.19983614 0.12380663 0.10392730 0.15252808 0.09807842
 [493] 0.08093341 0.26069717 0.17321820 0.26684714 0.12224807 0.23066117
 [499] 0.12922296 0.15636384 0.17984271 0.16951652 0.20702153 0.15863248
 [505] 0.16139571 0.15450576 0.07577235 0.15072630 0.07173929 0.09212407
 [511] 0.06381714 0.16915622 0.23492152 0.12014661 0.05046345 0.15814932
 [517] 0.08541197 0.15989657 0.14631786 0.18712813 0.14744912 0.07931819
 [523] 0.06041903 0.26138237 0.26275315 0.16712299 0.08842781 0.23760117
 [529] 0.33676916 0.19400615 0.19392621 0.24166186 0.23436867 0.21556580
 [535] 0.17005416 0.22034701 0.18317803 0.27688783 0.20643746 0.12776186
 [541] 0.19640350 0.23132744 0.16948153 0.16411426 0.14108771 0.10815216
 [547] 0.19242239 0.13741884 0.18287142 0.18963538 0.19231351 0.17598614
 [553] 0.24242873 0.20412041 0.19953093 0.23806155 0.21289496 0.20060349
 [559] 0.22524834 0.19758596 0.15635305 0.12029003 0.14931377 0.09298200
 [565] 0.04647320 0.29562314 0.19775852 0.26159816 0.24822645 0.15502372
 [571] 0.08214945 0.24293053 0.15743080 0.24438756 0.16404654 0.18116232
 [577] 0.17379846 0.18541106 0.13067851 0.16710660 0.21122549 0.23463764
 [583] 0.12470764 0.23413085 0.27553494 0.17616396 0.16122224 0.23809351
 [589] 0.14598369 0.20527874 0.14263464 0.18250478 0.16491975 0.18914675
 [595] 0.07764474 0.18048754 0.11383905 0.11007925 0.09890599 0.20872496
 [601] 0.12361377 0.18531417 0.16339036 0.09594003 0.22181825 0.21189525
 [607] 0.14948980 0.11977536 0.11746327 0.15143886 0.14816384 0.22200087
 [613] 0.22477515 0.12951080 0.14202401 0.22121949 0.24042246 0.11131323
 [619] 0.10845471 0.20368811 0.25091233 0.06016348 0.23279017 0.22310531
 [625] 0.18242807 0.10716846 0.16879516 0.26643873 0.13018200 0.17145541
 [631] 0.09407214 0.22592716 0.20312491 0.29482275 0.27484349 0.31159449
 [637] 0.24841966 0.26649631 0.13580017 0.15725391 0.19468019 0.19140252
 [643] 0.19523331 0.24392991 0.12033140 0.16729719 0.14889106 0.19786561
 [649] 0.25334728 0.14068695 0.16300504 0.20928729 0.20489780 0.23498512
 [655] 0.10471231 0.22111137 0.25182737 0.23946901 0.17220199 0.24335571
 [661] 0.28791072 0.17964221 0.21109008 0.08310064 0.09764717 0.24170203
 [667] 0.19409843 0.18175432 0.23868967 0.28034859 0.18681931 0.08570923
 [673] 0.14153982 0.09588748 0.20370959 0.10256770 0.23304541 0.09350150
 [679] 0.08207341 0.13051119 0.23263516 0.19196809 0.18047859 0.23832054
 [685] 0.23857974 0.14933994 0.18617521 0.25607859 0.18478237 0.22336907
 [691] 0.18920131 0.20484794 0.09387557 0.16504295 0.27504290 0.24301009
 [697] 0.13757924 0.14438175 0.16383409 0.12877416 0.25928450 0.18204870
 [703] 0.25580076 0.18601597 0.17130272 0.19999666 0.03088252 0.16937204
 [709] 0.22473745 0.08588154 0.25337334 0.22697006 0.08733416 0.32375072
 [715] 0.23236506 0.17179178 0.11659138 0.30304843 0.12242401 0.14200567
 [721] 0.12743799 0.06371186 0.26171352 0.29904096 0.25947564 0.21431229
 [727] 0.15078174 0.13660363 0.20849199 0.19598341 0.17144006 0.14854926
 [733] 0.17752648 0.11005403 0.22431320 0.19187472 0.10430706 0.10387938
 [739] 0.13515126 0.17291974 0.21525221 0.22946621 0.15061325 0.23493297
 [745] 0.20506302 0.09403412 0.13193293 0.12919270 0.20586949 0.18511237
 [751] 0.09295928 0.21931940 0.17111803 0.17289054 0.09994739 0.17120919
 [757] 0.11468539 0.17982892 0.13949666 0.17864614 0.15272460 0.22576599
 [763] 0.09526403 0.06939084 0.20865785 0.26187064 0.19915637 0.17054128
 [769] 0.15118417 0.14767481 0.12429827 0.19618388 0.17441460 0.16840567
 [775] 0.11514425 0.20334929 0.18781582 0.18238311 0.17011969 0.28810473
 [781] 0.16648277 0.13848641 0.11096517 0.19578983 0.19205646 0.20411560
 [787] 0.16485939 0.15434740 0.10666689 0.14006548 0.25660607 0.14858742
 [793] 0.28038405 0.22512797 0.23601832 0.19019374 0.16739748 0.19298566
 [799] 0.13796732 0.18575853 0.14748483 0.22695836 0.19391515 0.12574772
 [805] 0.22703751 0.17062015 0.12092379 0.13430048 0.13101684 0.06055837
 [811] 0.02156790 0.13617422 0.14987376 0.30152035 0.12526319 0.21358810
 [817] 0.16266158 0.11124078 0.23915531 0.18690097 0.19715847 0.24967388
 [823] 0.20837994 0.22669981 0.31892905 0.18401735 0.18232189 0.18063972
 [829] 0.16757081 0.18165552 0.13652180 0.21345997 0.12642391 0.20294409
 [835] 0.08934268 0.12214548 0.22207000 0.17011306 0.21117704 0.17944561
 [841] 0.18850139 0.28695796 0.20644012 0.13880860 0.13570739 0.14931530
 [847] 0.15511636 0.18281557 0.13753182 0.06177054 0.16058827 0.21112468
 [853] 0.24296306 0.24328382 0.14438867 0.18716500 0.15559603 0.20695256
 [859] 0.16494657 0.17396261 0.10276711 0.22492299 0.19580214 0.17933610
 [865] 0.19321258 0.24194964 0.07565775 0.10400872 0.20891414 0.23991768
 [871] 0.16731262 0.12997639 0.15359314 0.15185720 0.16575481 0.07319359
 [877] 0.10763323 0.29065571 0.14451996 0.14572739 0.20788833 0.13606979
 [883] 0.16456773 0.16819798 0.26812233 0.19131654 0.13599115 0.15979603
 [889] 0.11090433 0.18550261 0.13203288 0.21043982 0.16049111 0.07893104
 [895] 0.12434695 0.17391690 0.09038771 0.15311448 0.14453924 0.12728310
 [901] 0.16953345 0.17308795 0.07862145 0.22114264 0.15489561 0.11767828
 [907] 0.16825541 0.27189545 0.28661546 0.17439823 0.12721282 0.13500182
 [913] 0.11651221 0.15970486 0.19678498 0.23733646 0.28762145 0.17676333
 [919] 0.13719159 0.16119536 0.12895440 0.16060647 0.19076641 0.22496303
 [925] 0.15961226 0.29794054 0.15125088 0.19375213 0.09508427 0.17608416
 [931] 0.18857532 0.21366492 0.24620075 0.17716988 0.24824815 0.25215385
 [937] 0.24261282 0.19312806 0.17396428 0.18452953 0.21470848 0.20535177
 [943] 0.21634823 0.16895642 0.14950238 0.24105964 0.11355211 0.13812154
 [949] 0.09631909 0.11430856 0.15695767 0.10220594 0.21969516 0.27717172
 [955] 0.28275135 0.16291918 0.18317065 0.14386283 0.17537270 0.21420071
 [961] 0.18795978 0.23085945 0.12870026 0.23277906 0.03223390 0.21951080
 [967] 0.18661180 0.17190093 0.21729641 0.07157091 0.07830841 0.19488820
 [973] 0.24504363 0.16152626 0.24370476 0.19682706 0.15595774 0.15769666
 [979] 0.18998812 0.16284451 0.14401643 0.13479761 0.26522683 0.12339024
 [985] 0.11498771 0.14585923 0.20553396 0.12430438 0.18057667 0.16015034
 [991] 0.09931022 0.12056824 0.16528741 0.15139484 0.14744564 0.28371229
 [997] 0.09486244 0.24411036 0.21722457 0.21461852
[1] " (exp(2*coxResult2$coefficients[1])-1)/maf2"
   [1] 0.23982691 0.21587625 0.11319873 0.14469793 0.22558297 0.20704582
   [7] 0.32410414 0.14933337 0.24194348 0.13213994 0.16253858 0.15818251
  [13] 0.18979238 0.26306133 0.09436447 0.14039749 0.22594821 0.17560128
  [19] 0.16495925 0.14529051 0.20721906 0.16050232 0.08101478 0.12197860
  [25] 0.24463770 0.21877303 0.09654780 0.16721296 0.20680868 0.23658195
  [31] 0.11553289 0.15818413 0.24968413 0.18036622 0.16564217 0.15136783
  [37] 0.17165829 0.12234783 0.19698720 0.20694469 0.12086385 0.10202464
  [43] 0.19806420 0.20432681 0.13954258 0.05305026 0.37685465 0.14299042
  [49] 0.23359563 0.25983532 0.19905475 0.21723591 0.15239388 0.18087895
  [55] 0.11527314 0.21709116 0.15547386 0.19134634 0.22813084 0.20067848
  [61] 0.18034337 0.11627202 0.15518101 0.12327844 0.25746208 0.01724299
  [67] 0.26700369 0.18836550 0.20696849 0.08627349 0.11066657 0.08611276
  [73] 0.23596083 0.09268154 0.14452463 0.25637830 0.10397386 0.15211643
  [79] 0.15110686 0.14162141 0.25149877 0.17491801 0.20456989 0.12549405
  [85] 0.12216045 0.15174798 0.14717911 0.14123920 0.11850691 0.13504075
  [91] 0.18882102 0.17171319 0.18835253 0.22729801 0.19048919 0.12144715
  [97] 0.10244799 0.17044760 0.11001235 0.14174684 0.24073295 0.14289822
 [103] 0.11516904 0.15213682 0.15038108 0.15113298 0.16368529 0.12669690
 [109] 0.22997692 0.17723454 0.15592797 0.11714439 0.24934145 0.18951628
 [115] 0.19954525 0.20662739 0.09599699 0.15139153 0.14597269 0.13940679
 [121] 0.26178595 0.19374884 0.21821395 0.17170344 0.14341502 0.26702586
 [127] 0.24546785 0.19536713 0.18821219 0.13534203 0.21300512 0.19533315
 [133] 0.24814619 0.23934396 0.11774899 0.20872384 0.26483199 0.23631665
 [139] 0.08704507 0.13959715 0.18932023 0.11945230 0.16531729 0.20722854
 [145] 0.14872356 0.20146960 0.13186458 0.25029361 0.08835631 0.23000577
 [151] 0.13372545 0.21595199 0.14843012 0.14899253 0.09101381 0.22606917
 [157] 0.21748793 0.24730011 0.16181632 0.25434475 0.17471269 0.07446716
 [163] 0.23893967 0.23118744 0.11816365 0.22587792 0.11907932 0.08295829
 [169] 0.19331546 0.09795798 0.11092986 0.12626923 0.24403240 0.19358422
 [175] 0.24578252 0.19717980 0.20629681 0.11753994 0.23172584 0.03955252
 [181] 0.12663759 0.21986839 0.21151505 0.08827088 0.18713298 0.11746693
 [187] 0.18156592 0.06936234 0.21903054 0.24869486 0.16105763 0.14781381
 [193] 0.10904505 0.18361934 0.15651865 0.15088253 0.20031500 0.11834498
 [199] 0.13522628 0.14793570 0.20161545 0.21577580 0.14658020 0.25718775
 [205] 0.23088094 0.17696551 0.22157728 0.19667614 0.07909925 0.24424766
 [211] 0.06822349 0.19762994 0.19322769 0.21633227 0.10305798 0.20477946
 [217] 0.14397425 0.28853447 0.22683402 0.04928068 0.18847391 0.14322197
 [223] 0.08382866 0.18090119 0.14313515 0.18944833 0.15328944 0.25900674
 [229] 0.23758717 0.21893256 0.19967691 0.16035445 0.23342462 0.16205315
 [235] 0.07868847 0.21455426 0.22407516 0.14015242 0.05673773 0.27227981
 [241] 0.23176799 0.19409875 0.27297340 0.19964002 0.07915729 0.18023666
 [247] 0.13178936 0.15974914 0.13535051 0.27172588 0.17450425 0.22511645
 [253] 0.40406839 0.17035988 0.14092390 0.15271448 0.28010954 0.26546694
 [259] 0.12005094 0.17313109 0.25561977 0.27559779 0.08929449 0.07315333
 [265] 0.08191058 0.21308795 0.14376092 0.20503740 0.13972544 0.15856314
 [271] 0.14997221 0.17301564 0.21610662 0.16272556 0.20648937 0.12193053
 [277] 0.20013053 0.21861490 0.14305411 0.11074412 0.10766281 0.24648792
 [283] 0.17968964 0.16720488 0.25069673 0.24619015 0.09952805 0.15727573
 [289] 0.17562235 0.25807149 0.11662783 0.19115946 0.05595562 0.26815566
 [295] 0.15993008 0.16594321 0.19878077 0.20135045 0.20154926 0.21658716
 [301] 0.16025492 0.21506469 0.08212856 0.08485123 0.10930729 0.20580092
 [307] 0.14449672 0.12481291 0.27779187 0.16781513 0.21499834 0.09237411
 [313] 0.27295366 0.18560932 0.18443475 0.17263123 0.19118988 0.18823082
 [319] 0.17767654 0.13765851 0.11415641 0.23373250 0.18813380 0.24779577
 [325] 0.23466895 0.26754766 0.16397766 0.27691922 0.03065106 0.22604291
 [331] 0.17133278 0.08577930 0.10456406 0.26555811 0.09251037 0.14295759
 [337] 0.19376584 0.05112957 0.11327011 0.13734808 0.28078443 0.13502725
 [343] 0.13281271 0.10911662 0.15377653 0.18562930 0.04740101 0.22437153
 [349] 0.15743536 0.20035024 0.10563549 0.19691137 0.25878872 0.23679257
 [355] 0.16382736 0.07233729 0.17828185 0.20645789 0.19322021 0.16177473
 [361] 0.17006785 0.19150825 0.20610826 0.28145116 0.17354441 0.14370250
 [367] 0.29363500 0.27788024 0.12410222 0.31165306 0.22645466 0.20094930
 [373] 0.22997626 0.06923974 0.23043065 0.10165769 0.22256550 0.15827769
 [379] 0.09175886 0.17592035 0.16984347 0.20170684 0.23162074 0.17437651
 [385] 0.12715504 0.17294864 0.26532241 0.18278556 0.06444388 0.31871470
 [391] 0.10155863 0.24392538 0.16726491 0.10252491 0.10629922 0.18628820
 [397] 0.10689547 0.08183855 0.14412197 0.14287642 0.25422732 0.12981784
 [403] 0.10882220 0.23515941 0.25872877 0.17455073 0.24959994 0.19992200
 [409] 0.15106452 0.18995911 0.15942360 0.20420878 0.11502619 0.07707852
 [415] 0.09699865 0.22285996 0.20164570 0.22174689 0.21696557 0.25709489
 [421] 0.24835861 0.12729295 0.20080913 0.04397294 0.05798254 0.28470975
 [427] 0.15030785 0.07251294 0.15713201 0.08416355 0.25838787 0.18104879
 [433] 0.13291649 0.07264784 0.13838145 0.17545114 0.17241919 0.16674533
 [439] 0.13668091 0.13708102 0.14438122 0.11913955 0.11226043 0.22224861
 [445] 0.13609817 0.17255872 0.16410572 0.14164097 0.18173055 0.17593036
 [451] 0.26089248 0.24141378 0.14202638 0.14934221 0.13446209 0.11486510
 [457] 0.13140818 0.22841140 0.08562096 0.27687137 0.17680263 0.21293151
 [463] 0.16792959 0.12686015 0.09021608 0.05919139 0.13923476 0.22960994
 [469] 0.13233622 0.18825864 0.07708804 0.23285936 0.20124898 0.14934005
 [475] 0.04248264 0.18530870 0.16327534 0.15480456 0.21865690 0.19989699
 [481] 0.19491039 0.20725568 0.25601581 0.21500681 0.22948657 0.10146958
 [487] 0.23341167 0.20098956 0.12425217 0.10424172 0.15319958 0.09835621
 [493] 0.08112412 0.26266082 0.17408770 0.26892618 0.12268176 0.23220446
 [499] 0.12970599 0.15707155 0.18078324 0.17036241 0.20826240 0.15936154
 [505] 0.16215395 0.15519893 0.07593874 0.15138257 0.07188824 0.09236924
 [511] 0.06393579 0.16998714 0.23651553 0.12056520 0.05053726 0.15887358
 [517] 0.08562298 0.16063194 0.14693372 0.18813647 0.14808031 0.07950200
 [523] 0.06052496 0.26337110 0.26477217 0.16793617 0.08865400 0.23923519
 [529] 0.34006902 0.19509902 0.19502338 0.24335703 0.23595756 0.21690269
 [535] 0.17088991 0.22174835 0.18415621 0.27911734 0.20767730 0.12823763
 [541] 0.19751341 0.23286997 0.17031436 0.16489556 0.14166314 0.10849380
 [547] 0.19348751 0.13796517 0.18384059 0.19067806 0.19339497 0.17688338
 [553] 0.24414117 0.20532310 0.20068491 0.23968799 0.21421074 0.20177266
 [559] 0.22671622 0.19872203 0.15706349 0.12071087 0.14996254 0.09323188
 [565] 0.04653580 0.29815898 0.19888233 0.26356550 0.25002988 0.15571806
 [571] 0.08234547 0.24463986 0.15814591 0.24610656 0.16482465 0.18211770
 [577] 0.17466617 0.18640987 0.13117261 0.16791696 0.21251275 0.23623315
 [583] 0.12515845 0.23571376 0.27774140 0.17705948 0.16198054 0.23973809
 [589] 0.14659597 0.20650848 0.14322128 0.18347121 0.16571018 0.19017874
 [595] 0.07781920 0.18143109 0.11421318 0.11043148 0.09918954 0.20998645
 [601] 0.12405337 0.18630837 0.16416494 0.09620633 0.22323834 0.21319401
 [607] 0.15013475 0.12018906 0.11786477 0.15210043 0.14879729 0.22342709
 [613] 0.22624320 0.12999424 0.14260924 0.22263603 0.24209961 0.11167297
 [619] 0.10879558 0.20488664 0.25272459 0.06026793 0.23435519 0.22454911
 [625] 0.18338613 0.10750067 0.16961856 0.26849102 0.13066904 0.17231097
 [631] 0.09432931 0.22740969 0.20431991 0.29735532 0.27703783 0.31441443
 [637] 0.25022052 0.26854744 0.13633435 0.15797172 0.19577377 0.19246314
 [643] 0.19634030 0.24564886 0.12075101 0.16811343 0.14953541 0.19901039
 [649] 0.25520463 0.14126028 0.16377616 0.21055605 0.20612447 0.23658412
 [655] 0.10503037 0.22253336 0.25365890 0.24112940 0.17305938 0.24506443
 [661] 0.29030840 0.18057630 0.21237900 0.08330184 0.09792306 0.24340802
 [667] 0.19519199 0.18271135 0.24034215 0.28264821 0.18783186 0.08592216
 [673] 0.14212166 0.09615448 0.20492164 0.10287230 0.23461529 0.09375615
 [679] 0.08226952 0.13100606 0.23420388 0.19303782 0.18142368 0.23995095
 [685] 0.24022369 0.14998796 0.18717916 0.25798386 0.18577368 0.22481564
 [691] 0.19023564 0.20606624 0.09413063 0.16583587 0.27722992 0.24473198
 [697] 0.13813033 0.14498901 0.16461316 0.12925239 0.26123069 0.18300879
 [703] 0.25769686 0.18702104 0.17215519 0.20116184 0.03090993 0.17020624
 [709] 0.22619764 0.08609598 0.25522303 0.22845718 0.08755583 0.32677455
 [715] 0.23394010 0.17265023 0.11698545 0.30571199 0.12285746 0.14259129
 [721] 0.12790949 0.06383003 0.26369719 0.30162544 0.26142518 0.21564172
 [727] 0.15143965 0.13714369 0.20974903 0.19709923 0.17229817 0.14918620
 [733] 0.17844392 0.11040565 0.22575897 0.19294203 0.10462071 0.10419112
 [739] 0.13568062 0.17378892 0.21659703 0.23099246 0.15127456 0.23652516
 [745] 0.20628472 0.09428843 0.13243632 0.12967558 0.20710266 0.18610674
 [751] 0.09320938 0.22071497 0.17196841 0.17375594 0.10023821 0.17206129
 [757] 0.11506953 0.18077110 0.14005607 0.17957725 0.15339548 0.22724187
 [763] 0.09552760 0.06953032 0.20992919 0.26385349 0.20030250 0.17138812
 [769] 0.15184178 0.14830310 0.12474299 0.19730932 0.17529960 0.16923246
 [775] 0.11552966 0.20454926 0.18883710 0.18334457 0.17095640 0.29050131
 [781] 0.16729187 0.13903889 0.11132212 0.19690174 0.19312882 0.20532128
 [787] 0.16564667 0.15503598 0.10699588 0.14063973 0.25850892 0.14922588
 [793] 0.28264054 0.22659057 0.23762436 0.19123180 0.16821125 0.19406481
 [799] 0.13852047 0.18675349 0.14812349 0.22845139 0.19500019 0.12620393
 [805] 0.22853376 0.17146566 0.12134661 0.13482142 0.13151190 0.06066482
 [811] 0.02158148 0.13670709 0.15052509 0.30414194 0.12571468 0.21490857
 [817] 0.16342365 0.11159928 0.24081518 0.18790992 0.19828065 0.25147576
 [823] 0.20963590 0.22819843 0.32187098 0.18499755 0.18328475 0.18158540
 [829] 0.16838874 0.18261528 0.13706112 0.21478194 0.12688622 0.20413408
 [835] 0.08957486 0.12257993 0.22349702 0.17095086 0.21246630 0.18038635
 [841] 0.18953550 0.28934914 0.20767140 0.13936643 0.13624248 0.14996317
 [847] 0.15580871 0.18377708 0.13808126 0.06188125 0.16133420 0.21240669
 [853] 0.24468112 0.24500590 0.14498759 0.18817388 0.15629790 0.20819771
 [859] 0.16573661 0.17483924 0.10307321 0.22638948 0.19691555 0.18027030
 [865] 0.19429440 0.24364358 0.07582287 0.10432100 0.21017697 0.24158676
 [871] 0.16812125 0.13046448 0.15427453 0.15252529 0.16655075 0.07334839
 [877] 0.10797106 0.29309243 0.14512373 0.14634379 0.20914497 0.13660675
 [883] 0.16535167 0.16901988 0.27021133 0.19237362 0.13652658 0.16053778
 [889] 0.11126241 0.18650038 0.13253818 0.21172714 0.16123672 0.07911190
 [895] 0.12479248 0.17479494 0.09062620 0.15379542 0.14514776 0.12775245
 [901] 0.17036985 0.17395887 0.07880014 0.22256220 0.15559605 0.11808112
 [907] 0.16907355 0.27403349 0.28898510 0.17528311 0.12768284 0.13553031
 [913] 0.11690370 0.16044182 0.19791519 0.23896644 0.29001094 0.17767407
 [919] 0.13773957 0.16195131 0.12943668 0.16135243 0.19182359 0.22642025
 [925] 0.16034926 0.30051828 0.15191208 0.19484393 0.09534752 0.17698588
 [931] 0.18960306 0.21498789 0.24795173 0.17808179 0.25003327 0.25400077
 [937] 0.24431726 0.19421144 0.17483498 0.18551632 0.21604174 0.20657631
 [943] 0.21771277 0.16978594 0.15014785 0.24273231 0.11392626 0.13867485
 [949] 0.09659041 0.11468906 0.15766816 0.10250775 0.22109601 0.27938470
 [955] 0.28505483 0.16368433 0.18414565 0.14445823 0.17626840 0.21553208
 [961] 0.18898371 0.23241127 0.12918239 0.23434324 0.03226377 0.22091178
 [967] 0.18761954 0.17275691 0.21866505 0.07171906 0.07848610 0.19599141
 [973] 0.24677985 0.16227962 0.24542262 0.19795861 0.15666181 0.15841674
 [979] 0.19103708 0.16361598 0.14461717 0.13532166 0.26727133 0.12382970
 [985] 0.11537257 0.14647467 0.20675349 0.12475157 0.18152250 0.16089712
 [991] 0.09959594 0.12098722 0.16608136 0.15205522 0.14806980 0.28605091
 [997] 0.09512287 0.24583832 0.21859482 0.21594863
